000000000139
000000000724
000000000785
000000000872
000000000885
000000001268
000000001532
000000001761
000000002153
000000002261
000000002473
000000002532
000000002923
000000003255
000000003553
000000005060
000000005529
000000006213
000000006460
000000006723
000000006818
000000007088
000000007278
000000007281
000000007511
000000007574
000000007784
000000007816
000000007888
000000007977
000000008211
000000008762
000000008899
000000009483
000000009769
000000009772
000000010764
000000010977
000000011122
000000011197
000000011615
000000012120
000000012280
000000012639
000000012667
000000013201
000000013348
000000013546
000000013774
000000014007
000000014038
000000014380
000000014439
000000015272
000000015338
000000015440
000000015517
000000015597
000000015746
000000015751
000000015956
000000016010
000000016439
000000016451
000000016502
000000016958
000000017029
000000017178
000000017182
000000017379
000000017436
000000017627
000000017905
000000017959
000000018491
000000018519
000000018737
000000018833
000000019042
000000019109
000000019742
000000020059
000000020247
000000020553
000000021839
000000021879
000000021903
000000022396
000000022755
000000022969
000000023023
000000023230
000000023359
000000023666
000000023751
000000023781
000000023937
000000024027
000000024610
000000024919
000000025057
000000025181
000000025228
000000025393
000000025424
000000025593
000000025986
000000026204
000000026690
000000027972
000000028285
000000028993
000000029187
000000029393
000000029596
000000029984
000000030494
000000030504
000000030828
000000031050
000000031093
000000031118
000000031217
000000031269
000000031322
000000031620
000000031735
000000031749
000000032081
000000032285
000000032570
000000032735
000000032811
000000032887
000000032941
000000033005
000000033109
000000033114
000000033368
000000033638
000000033707
000000034205
000000034417
000000034452
000000034760
000000034873
000000035197
000000035963
000000036539
000000036678
000000036844
000000036861
000000037689
000000037740
000000037751
000000037988
000000038118
000000038210
000000039405
000000039477
000000039480
000000039484
000000039551
000000039785
000000039914
000000039956
000000040036
000000040471
000000041488
000000041635
000000041872
000000041888
000000041990
000000042276
000000042563
000000042628
000000042888
000000043314
000000043435
000000043737
000000043816
000000044195
000000044260
000000044652
000000044699
000000045229
000000045472
000000045596
000000045728
000000046252
000000046804
000000047010
000000047571
000000047769
000000047819
000000048924
000000049091
000000049259
000000049759
000000049761
000000050006
000000050165
000000050326
000000050638
000000050679
000000051314
000000051326
000000051598
000000051712
000000051938
000000051961
000000051976
000000052017
000000052462
000000052507
000000052565
000000053505
000000053624
000000053626
000000053994
000000054164
000000054931
000000054967
000000055072
000000055167
000000055299
000000055950
000000056127
000000057149
000000057597
000000057672
000000057725
000000058029
000000058384
000000058636
000000058655
000000059386
000000059635
000000059920
000000060090
000000060347
000000060363
000000060449
000000060507
000000060770
000000061268
000000061418
000000061471
000000061584
000000061747
000000062025
000000062353
000000062355
000000062692
000000063047
000000063154
000000063602
000000064462
000000064495
000000064499
000000064574
000000064898
000000065736
000000066038
000000066706
000000067213
000000067310
000000067406
000000067616
000000067896
000000068078
000000068387
000000068628
000000068833
000000069795
000000070254
000000070774
000000071756
000000071877
000000072281
000000072852
000000074058
000000074457
000000074646
000000074860
000000075393
000000076211
000000076261
000000077460
000000078032
000000078266
000000078565
000000078915
000000078959
000000079034
000000079144
000000079229
000000079565
000000079588
000000079837
000000080022
000000080153
000000080273
000000080274
000000080413
000000080671
000000081594
000000081766
000000081988
000000082715
000000082821
000000082986
000000083113
000000083172
000000083540
000000084031
000000084170
000000084270
000000084477
000000084492
000000084752
000000085376
000000085478
000000085576
000000085665
000000085682
000000085772
000000085911
000000086220
000000086483
000000086755
000000087038
000000087244
000000087875
000000088218
000000088265
000000088345
000000088432
000000088462
000000088951
000000089045
000000089078
000000089296
000000089697
000000089761
000000090003
000000090062
000000090108
000000090155
000000090284
000000090631
000000090956
000000091615
000000091619
000000091921
000000092124
000000093154
000000093261
000000094157
000000094185
000000094326
000000094614
000000094751
000000094852
000000094944
000000095069
000000095155
000000096001
000000096825
000000096960
000000097022
000000097230
000000097988
000000097994
000000098018
000000098287
000000098392
000000098497
000000098520
000000099242
000000100274
000000100283
000000100489
000000100510
000000101022
000000101780
000000101787
000000101884
000000102411
000000102644
000000103548
000000103585
000000103723
000000104198
000000104424
000000104572
000000104603
000000104619
000000104666
000000104782
000000105264
000000105455
000000105912
000000105923
000000106266
000000106281
000000106563
000000106881
000000106912
000000107094
000000107554
000000107851
000000108440
000000108503
000000108864
000000109441
000000109827
000000109900
000000109976
000000109992
000000110042
000000110282
000000110359
000000110784
000000111179
000000111207
000000111951
000000112110
000000112298
000000112378
000000113051
000000113354
000000113867
000000115118
000000115898
000000115946
000000116206
000000117197
000000117374
000000117645
000000118405
000000118921
000000119038
000000119088
000000119445
000000119516
000000119641
000000119677
000000119911
000000119995
000000120572
000000120584
000000120777
000000121031
000000121153
000000121242
000000121586
000000121591
000000121673
000000122166
000000122217
000000122672
000000122927
000000123131
000000123480
000000123585
000000124277
000000124442
000000124659
000000124798
000000125257
000000125405
000000125572
000000126107
000000126216
000000126592
000000127092
000000127135
000000127182
000000127263
000000127530
000000127624
000000128112
000000128148
000000128654
000000128658
000000128675
000000129054
000000129062
000000129322
000000129416
000000129756
000000129812
000000130386
000000130465
000000130566
000000130579
000000130586
000000130613
000000130699
000000131138
000000131386
000000131431
000000131556
000000132408
000000132703
000000132931
000000133087
000000133233
000000133418
000000133645
000000134034
000000134322
000000134689
000000134722
000000134856
000000134886
000000135561
000000135604
000000135670
000000135673
000000135872
000000135890
000000136033
000000136334
000000136600
000000137576
000000137950
000000138550
000000138639
000000138819
000000139077
000000139871
000000139883
000000140270
000000140286
000000140420
000000140439
000000140583
000000140658
000000142238
000000142472
000000142790
000000142971
000000143572
000000144114
000000144706
000000144784
000000144798
000000144932
000000145620
000000145665
000000146363
000000146498
000000146831
000000147518
000000147725
000000148707
000000148730
000000148739
000000149375
000000149406
000000149622
000000150224
000000150265
000000150726
000000150930
000000151051
000000151480
000000151516
000000151629
000000151662
000000152465
000000152686
000000152771
000000152870
000000153343
000000153510
000000153527
000000153782
000000153797
000000154004
000000154087
000000154213
000000154358
000000154425
000000154431
000000154705
000000154947
000000155051
000000155145
000000155154
000000155291
000000155341
000000155443
000000155451
000000156278
000000156292
000000157046
000000157124
000000157213
000000157365
000000157756
000000157847
000000158548
000000158956
000000159399
000000159977
000000160728
000000160772
000000161032
000000161128
000000161397
000000161642
000000161781
000000161799
000000161861
000000161875
000000161879
000000161978
000000162035
000000162130
000000162543
000000162581
000000162858
000000163057
000000163118
000000163155
000000163258
000000163290
000000163746
000000164115
000000164637
000000164885
000000165336
000000165351
000000165500
000000165518
000000165713
000000166165
000000166166
000000166259
000000166287
000000166391
000000166509
000000166521
000000166563
000000166664
000000166747
000000167240
000000167540
000000167898
000000167902
000000168330
000000168337
000000168458
000000168619
000000169169
000000169356
000000169996
000000170474
000000170545
000000170955
000000171050
000000171611
000000171788
000000172083
000000172547
000000172648
000000172649
000000172856
000000172935
000000173033
000000173057
000000173183
000000173302
000000173830
000000175387
000000175438
000000175443
000000176037
000000176232
000000176606
000000176701
000000176778
000000176799
000000176847
000000177065
000000177357
000000177714
000000177861
000000177893
000000178028
000000178618
000000178744
000000178982
000000179265
000000179487
000000179653
000000180792
000000180798
000000181421
000000181666
000000181859
000000182021
000000182162
000000182441
000000183127
000000183437
000000183500
000000184321
000000184324
000000184400
000000184791
000000184978
000000185157
000000185250
000000185292
000000185472
000000186042
000000186345
000000186422
000000186632
000000186637
000000186873
000000186938
000000187362
000000187513
000000187734
000000187745
000000187990
000000188439
000000189213
000000189226
000000189310
000000189698
000000189806
000000189828
000000190007
000000190307
000000190753
000000190756
000000190841
000000190923
000000191013
000000191288
000000191614
000000191672
000000192047
000000192964
000000193162
000000193245
000000193429
000000193494
000000193674
000000193884
000000194506
000000195045
000000195165
000000195754
000000195842
000000196141
000000196185
000000196442
000000196754
000000197388
000000197658
000000197796
000000197870
000000198915
000000198928
000000198960
000000199236
000000199395
000000199442
000000199977
000000200152
000000200667
000000200839
000000200961
000000201418
000000201676
000000201775
000000202228
000000203095
000000203317
000000203488
000000203546
000000203580
000000203639
000000203864
000000204329
000000205105
000000205289
000000205324
000000205401
000000205542
000000205647
000000206994
000000207306
000000208208
000000208423
000000208901
000000209222
000000209613
000000209757
000000209829
000000210299
000000210388
000000210394
000000210855
000000210915
000000211042
000000211069
000000212072
000000212453
000000212895
000000213171
000000213593
000000213830
000000214192
000000214205
000000214224
000000214539
000000214703
000000214753
000000215245
000000215644
000000216296
000000216419
000000216497
000000216516
000000216739
000000217060
000000217425
000000217614
000000217957
000000218091
000000218997
000000219283
000000219485
000000220584
000000220764
000000220858
000000221017
000000221155
000000221708
000000221754
000000222094
000000222118
000000222235
000000222458
000000222559
000000222825
000000222991
000000223130
000000223738
000000224051
000000224119
000000224222
000000224664
000000224724
000000225184
000000225405
000000225532
000000225946
000000226111
000000226802
000000226883
000000226984
000000227187
000000227478
000000227482
000000227491
000000227511
000000227898
000000228771
000000228981
000000229311
000000229553
000000229601
000000229747
000000229753
000000229858
000000229997
000000230166
000000230362
000000230450
000000230819
000000230983
000000231169
000000231549
000000231747
000000232538
000000232646
000000232692
000000233033
000000233139
000000233370
000000233825
000000234366
000000234413
000000234757
000000234807
000000235057
000000235252
000000235784
000000235836
000000236308
000000236426
000000236690
000000237071
000000237316
000000237864
000000237984
000000238039
000000239041
000000239274
000000239537
000000239843
000000240754
000000240767
000000241297
000000241319
000000241602
000000241677
000000242287
000000242411
000000242678
000000242724
000000243034
000000243495
000000244019
000000244099
000000244379
000000244411
000000245102
000000245173
000000245320
000000245513
000000246308
000000246522
000000246883
000000246963
000000246968
000000247806
000000247838
000000248111
000000248112
000000248284
000000248752
000000248810
000000248980
000000249025
000000249180
000000249786
000000250205
000000250619
000000250758
000000251065
000000252219
000000252507
000000252559
000000252701
000000252716
000000253819
000000253835
000000254016
000000255401
000000255536
000000255664
000000255749
000000255917
000000256407
000000256775
000000256868
000000257478
000000257566
000000257865
000000258388
000000258793
000000259382
000000259625
000000259830
000000259854
000000260105
000000260106
000000260266
000000261535
000000261712
000000261796
000000261888
000000262440
000000262487
000000262587
000000262682
000000263403
000000263425
000000263644
000000263679
000000264335
000000264535
000000265108
000000265518
000000265816
000000266082
000000266206
000000266409
000000266892
000000266981
000000267351
000000267434
000000267670
000000267903
000000267940
000000268000
000000268729
000000268996
000000269113
000000269121
000000269314
000000269316
000000269682
000000269942
000000270122
000000270244
000000270297
000000270386
000000270402
000000270474
000000270677
000000272148
000000272212
000000272416
000000273198
000000273232
000000273420
000000273617
000000273760
000000274066
000000274460
000000275058
000000275727
000000276024
000000276284
000000276707
000000276720
000000276804
000000277005
000000277197
000000278006
000000278463
000000278705
000000278973
000000279541
000000279769
000000279774
000000280325
000000280779
000000281179
000000281414
000000281447
000000282037
000000282912
000000283037
000000283070
000000283318
000000283520
000000284296
000000284445
000000284698
000000284762
000000285788
000000286503
000000286507
000000286907
000000286994
000000287291
000000287545
000000287714
000000287874
000000288042
000000288062
000000288391
000000288430
000000288584
000000288862
000000289343
000000289417
000000289586
000000289594
000000289659
000000289702
000000289741
000000289938
000000289960
000000289992
000000290179
000000290248
000000290619
000000290768
000000290771
000000291551
000000291664
000000292005
000000292060
000000292456
000000292908
000000292997
000000293300
000000293324
000000293390
000000294163
000000294695
000000294783
000000294855
000000295138
000000295316
000000295420
000000295478
000000295797
000000295809
000000296231
000000296317
000000296649
000000296657
000000296969
000000297022
000000297343
000000297595
000000297681
000000297698
000000298697
000000298994
000000299553
000000299609
000000299720
000000300155
000000300659
000000300842
000000301135
000000301563
000000301981
000000302107
000000302760
000000302990
000000303653
000000303818
000000304180
000000304291
000000304365
000000304396
000000304812
000000304817
000000305309
000000305695
000000306437
000000306582
000000306733
000000307598
000000308165
000000308193
000000308466
000000308587
000000308753
000000308793
000000308799
000000309391
000000309452
000000309655
000000310622
000000311081
000000311295
000000311518
000000311928
000000311950
000000312263
000000312340
000000312406
000000312549
000000312586
000000312720
000000313588
000000313783
000000314034
000000314177
000000314251
000000314294
000000314541
000000314709
000000314914
000000315001
000000315187
000000316054
000000316666
000000319369
000000319607
000000319935
000000320232
000000320425
000000320490
000000320696
000000320706
000000321790
000000322724
000000322864
000000322968
000000323263
000000323496
000000323571
000000323751
000000323828
000000323895
000000324818
000000325114
000000325527
000000326082
000000326128
000000326174
000000326248
000000326542
000000326627
000000327306
000000327605
000000327701
000000327769
000000327890
000000328117
000000328238
000000328286
000000328337
000000328430
000000328683
000000329219
000000329827
000000330396
000000330554
000000331317
000000331604
000000332318
000000332351
000000333069
000000333697
000000333956
000000334006
000000334371
000000334521
000000334530
000000334719
000000335177
000000335328
000000335450
000000335529
000000335658
000000335800
000000336209
000000336265
000000336309
000000336587
000000336658
000000337987
000000338325
000000338532
000000338560
000000338624
000000338625
000000338986
000000339870
000000340175
000000340272
000000341094
000000341196
000000341681
000000341719
000000341921
000000342006
000000342397
000000343149
000000343218
000000343315
000000343453
000000343496
000000343524
000000343803
000000343934
000000343937
000000343976
000000344059
000000344611
000000344614
000000344816
000000344888
000000345027
000000345261
000000345466
000000347265
000000347664
000000347693
000000348045
000000348243
000000348481
000000348881
000000349302
000000349678
000000349860
000000350003
000000350023
000000350054
000000350122
000000350488
000000350833
000000351362
000000351823
000000352760
000000353518
000000354753
000000354829
000000355677
000000355817
000000355905
000000356094
000000356169
000000356261
000000356427
000000356505
000000356968
000000357060
000000357238
000000357459
000000357501
000000357567
000000357742
000000357888
000000357978
000000358195
000000359540
000000359677
000000359781
000000360137
000000360564
000000360661
000000360943
000000361142
000000361268
000000361506
000000361551
000000361586
000000361730
000000361919
000000362434
000000362716
000000363072
000000363461
000000363784
000000364102
000000364126
000000364557
000000365095
000000365207
000000365208
000000365521
000000365655
000000365745
000000365766
000000366141
000000366178
000000366611
000000366884
000000367569
000000367818
000000368900
000000368940
000000368982
000000369081
000000369503
000000369541
000000369751
000000369757
000000369812
000000370813
000000370818
000000370999
000000371042
000000371472
000000371552
000000371699
000000372203
000000372260
000000372307
000000372349
000000372577
000000372819
000000373315
000000373353
000000373705
000000374052
000000374369
000000374545
000000374727
000000375078
000000375763
000000376206
000000376310
000000376478
000000376625
000000376856
000000376900
000000377393
000000377486
000000377588
000000377635
000000377723
000000377882
000000378116
000000378139
000000378244
000000378454
000000378673
000000378873
000000379441
000000379453
000000379533
000000380706
000000380711
000000381360
000000381639
000000381971
000000382088
000000382122
000000382696
000000382734
000000382743
000000383339
000000383384
000000383443
000000383606
000000383621
000000383676
000000384350
000000384513
000000384616
000000384670
000000384850
000000384949
000000385190
000000385997
000000386277
000000386457
000000387148
000000387387
000000387916
000000388215
000000388846
000000389197
000000389451
000000389532
000000389804
000000390246
000000390301
000000391290
000000391375
000000391648
000000392228
000000392481
000000392722
000000392933
000000393056
000000393093
000000393226
000000393282
000000393469
000000393569
000000394328
000000394559
000000394611
000000395180
000000395633
000000395801
000000395903
000000396200
000000396205
000000396274
000000396518
000000396568
000000396580
000000396903
000000397279
000000397327
000000397639
000000398237
000000398810
000000399296
000000400044
000000400161
000000400922
000000401244
000000401446
000000402096
000000402118
000000402334
000000402519
000000402774
000000403122
000000403385
000000403565
000000403584
000000404128
000000404249
000000404479
000000404534
000000404568
000000404601
000000404805
000000404923
000000405279
000000405970
000000406611
000000407002
000000407518
000000407614
000000407650
000000407868
000000408112
000000408120
000000409198
000000409358
000000409475
000000409542
000000409867
000000410221
000000410428
000000410456
000000410510
000000410650
000000410712
000000410934
000000411530
000000412240
000000412531
000000412894
000000413404
000000413689
000000414133
000000414170
000000414340
000000414385
000000414676
000000415194
000000415238
000000415536
000000415716
000000415741
000000415748
000000415990
000000416170
000000416745
000000416837
000000417043
000000417085
000000417779
000000417876
000000417911
000000418281
000000418696
000000418959
000000418961
000000419201
000000419408
000000420069
000000420472
000000420916
000000421060
000000421757
000000421834
000000421923
000000422706
000000423104
000000423229
000000423944
000000423971
000000424135
000000424551
000000424642
000000424776
000000424975
000000425221
000000425227
000000425906
000000425925
000000426203
000000426241
000000426376
000000426836
000000427055
000000427160
000000427338
000000427500
000000427649
000000428111
000000428218
000000429718
000000429761
000000430048
000000430073
000000430377
000000430871
000000430875
000000431693
000000431727
000000431848
000000431876
000000432898
000000433204
000000433243
000000433374
000000433515
000000433774
000000434247
000000434548
000000435206
000000435880
000000436738
000000437110
000000437239
000000437331
000000437898
000000438017
000000438269
000000438907
000000439290
000000439715
000000440184
000000440475
000000440507
000000440508
000000440617
000000441286
000000441442
000000441468
000000441586
000000442009
000000442306
000000442323
000000442463
000000442480
000000442661
000000442746
000000442836
000000442993
000000443498
000000443844
000000444275
000000444879
000000445602
000000445675
000000445846
000000446206
000000446574
000000447169
000000447187
000000447313
000000447314
000000447342
000000447465
000000447789
000000447917
000000448076
000000448365
000000448810
000000449579
000000449603
000000449996
000000450303
000000450559
000000450758
000000451043
000000451084
000000451090
000000451144
000000451155
000000451435
000000451714
000000452122
000000453302
000000453341
000000453584
000000453634
000000453722
000000454798
000000454978
000000455219
000000455352
000000455555
000000455872
000000456015
000000456292
000000456496
000000456865
000000457078
000000457884
000000458045
000000458410
000000458663
000000458702
000000458768
000000459153
000000459195
000000459467
000000459500
000000459634
000000459757
000000459809
000000460147
000000460160
000000460333
000000460347
000000460379
000000460841
000000460967
000000461405
000000461573
000000462614
000000462728
000000462756
000000463174
000000463542
000000463647
000000463690
000000463849
000000464089
000000464144
000000464251
000000464689
000000464872
000000465675
000000465836
000000466085
000000466416
000000466567
000000466602
000000466835
000000466986
000000467315
000000467776
000000467848
000000468245
000000468501
000000468632
000000469174
000000469192
000000469828
000000470173
000000471023
000000471450
000000471567
000000471756
000000471789
000000471991
000000472030
000000472046
000000472298
000000472623
000000472678
000000473015
000000474028
000000474078
000000474170
000000474293
000000474344
000000474452
000000474786
000000474881
000000475191
000000475223
000000475484
000000475904
000000476119
000000476258
000000477227
000000477441
000000477955
000000478286
000000478474
000000478721
000000479030
000000479099
000000479912
000000479953
000000480842
000000480944
000000481159
000000481404
000000481413
000000481480
000000481567
000000482100
000000482477
000000482487
000000482735
000000482800
000000484029
000000484296
000000484760
000000485071
000000485424
000000485802
000000486104
000000486573
000000487583
000000488075
000000488270
000000488592
000000488664
000000488736
000000489046
000000489924
000000490171
000000490470
000000490515
000000491071
000000491464
000000491470
000000491613
000000491683
000000491725
000000492282
000000492284
000000492758
000000492968
000000493019
000000493442
000000493613
000000493772
000000493864
000000493905
000000494759
000000494869
000000495054
000000496409
000000496597
000000496722
000000498032
000000498807
000000498857
000000499181
000000499768
000000499775
000000500049
000000500211
000000500270
000000500464
000000500663
000000500826
000000501005
000000501023
000000502136
000000502168
000000502229
000000502336
000000502347
000000502910
000000503841
000000503855
000000504415
000000504580
000000504589
000000504635
000000505169
000000505565
000000505789
000000505942
000000506004
000000506310
000000506454
000000507015
000000507037
000000507081
000000507575
000000507893
000000508101
000000508586
000000508639
000000508917
000000509258
000000509403
000000509656
000000509719
000000509735
000000510095
000000510329
000000511076
000000511321
000000511384
000000511599
000000511647
000000512194
000000512248
000000512476
000000512564
000000512648
000000512985
000000513181
000000513524
000000513580
000000514376
000000514540
000000514797
000000514914
000000515350
000000515445
000000515828
000000515982
000000516038
000000516173
000000516316
000000516318
000000516601
000000516677
000000516708
000000516804
000000517069
000000517523
000000518213
000000519338
000000519491
000000519522
000000519569
000000519611
000000520009
000000520324
000000520659
000000520707
000000520832
000000520910
000000521141
000000521231
000000521282
000000521509
000000521717
000000521819
000000522393
000000522713
000000522889
000000523033
000000523194
000000523811
000000523957
000000525083
000000525286
000000525322
000000526103
000000526256
000000526706
000000526728
000000526751
000000527215
000000527528
000000527616
000000527750
000000527960
000000528314
000000528524
000000528578
000000528705
000000528862
000000528977
000000528980
000000529105
000000529568
000000529939
000000530457
000000530470
000000530820
000000530836
000000531134
000000531135
000000531495
000000531707
000000532071
000000532481
000000532493
000000532530
000000532855
000000534270
000000535523
000000535578
000000535608
000000535858
000000536947
000000537053
000000537153
000000537355
000000537812
000000537827
000000537964
000000538067
000000538458
000000539445
000000539962
000000540414
000000540466
000000540502
000000540932
000000540962
000000541055
000000541291
000000541952
000000542073
000000542089
000000542127
000000542423
000000543300
000000543528
000000544052
000000544306
000000544444
000000544605
000000545007
000000545100
000000545129
000000545407
000000545730
000000545958
000000546659
000000546823
000000546829
000000547502
000000547519
000000547816
000000547886
000000548267
000000548524
000000549136
000000549390
000000549738
000000550084
000000550939
000000551215
000000551304
000000551350
000000551780
000000551794
000000551804
000000551820
000000552842
000000552883
000000552902
000000553094
000000553221
000000553339
000000553669
000000553990
000000554156
000000554595
000000555012
000000555597
000000556158
000000556498
000000556765
000000556873
000000557172
000000557501
000000557884
000000558073
000000558213
000000558421
000000558558
000000559099
000000559160
000000559513
000000560312
000000560371
000000560880
000000561009
000000561223
000000561256
000000561335
000000561366
000000561679
000000561889
000000561958
000000562121
000000562229
000000562448
000000562581
000000562818
000000563281
000000563349
000000563470
000000563603
000000563604
000000563648
000000563653
000000563702
000000564023
000000564127
000000564133
000000565012
000000565153
000000565469
000000565563
000000565776
000000565778
000000565853
000000565989
000000566282
000000566524
000000567011
000000567197
000000567432
000000567740
000000568147
000000568290
000000568439
000000568710
000000568981
000000569030
000000569059
000000569273
000000569565
000000569917
000000569972
000000570448
000000570456
000000570688
000000570736
000000570756
000000570834
000000571264
000000571313
000000571804
000000571857
000000571893
000000571943
000000572408
000000572517
000000572620
000000572900
000000573008
000000573258
000000573391
000000573626
000000573943
000000574297
000000574520
000000575081
000000575187
000000575205
000000575243
000000575357
000000575372
000000575500
000000576031
000000576052
000000576566
000000576654
000000576955
000000577149
000000577584
000000577864
000000577932
000000577959
000000577976
000000578093
000000578236
000000579307
000000579635
000000579818
000000580410
000000580757
000000581062
000000581100
000000581357
000000581482
000000581615
